14	0	14	0.000000	0
15	0	15	0.000000	0
38	0	38	0.000000	0
25	0	25	0.000000	0
1	0	1	0.000000	0
1	0	1	0.000000	0
2	0	2	0.000000	0
4	0	4	0.000000	0
4	0	4	0.000000	0
9	0	9	0.000000	0
12	0	12	0.000000	0
19	0	19	0.000000	0
39	0	39	0.000000	0
17	0	17	0.000000	0
1	0	1	0.000000	0
2	0	2	0.000000	0
3	0	3	0.000000	0
7	0	7	0.000000	0
7	0	7	0.000000	0
9	0	9	0.000000	0
15	0	15	0.000000	0
27	0	27	0.000000	0
36	0	36	0.000000	0
1	0	1	0.000000	0
2	0	2	0.000000	0
3	0	3	0.000000	0
6	0	6	0.000000	0
7	0	7	0.000000	0
6	0	6	0.000000	0
8	0	8	0.000000	0
12	0	12	0.000000	0
46	0	46	0.000000	0
18	0	18	0.000000	0
1	0	1	0.000000	0
1	0	1	0.000000	0
2	0	2	0.000000	0
3	0	3	0.000000	0
5	0	5	0.000000	0
12	0	12	0.000000	0
9	0	9	0.000000	0
18	0	18	0.000000	0
37	0	37	0.000000	0
20	0	20	0.000000	0
1	0	1	0.000000	0
1	0	1	0.000000	0
1	0	1	0.000000	0
2	0	2	0.000000	0
5	0	5	0.000000	0
9	0	9	0.000000	0
10	0	10	0.000000	0
16	0	16	0.000000	0
30	0	30	0.000000	0
33	0	33	0.000000	0
1	0	1	0.000000	0
2	0	2	0.000000	0
3	0	3	0.000000	0
6	0	6	0.000000	0
12	0	12	0.000000	0
19	0	19	0.000000	0
37	0	37	0.000000	0
26	0	26	0.000000	0
1	0	1	0.000000	0
2	0	2	0.000000	0
3	0	3	0.000000	0
8	0	8	0.000000	0
10	0	10	0.000000	0
20	0	20	0.000000	0
31	0	31	0.000000	0
32	0	32	0.000000	0
1	0	1	0.000000	0
1	0	1	0.000000	0
3	0	3	0.000000	0
6	0	6	0.000000	0
7	0	7	0.000000	0
17	0	17	0.000000	0
30	0	30	0.000000	0
41	0	41	0.000000	0
1	0	1	0.000000	0
2	0	2	0.000000	0
3	0	3	0.000000	0
7	0	7	0.000000	0
9	0	9	0.000000	0
14	0	14	0.000000	0
30	0	30	0.000000	0
41	0	41	0.000000	0
1	0	1	0.000000	0
1	0	1	0.000000	0
3	0	3	0.000000	0
7	0	7	0.000000	0
10	0	10	0.000000	0
13	0	13	0.000000	0
32	0	32	0.000000	0
39	0	39	0.000000	0
1	0	1	0.000000	0
3	0	3	0.000000	0
4	0	4	0.000000	0
8	0	8	0.000000	0
14	0	14	0.000000	0
14	0	14	0.000000	0
43	0	43	0.000000	0
20	0	20	0.000000	0
1	0	1	0.000000	0
2	0	2	0.000000	0
8	0	8	0.000000	0
19	0	19	0.000000	0
17	0	17	0.000000	0
44	0	44	0.000000	0
15	0	15	0.000000	0
1	0	1	0.000000	0
1	0	1	0.000000	0
3	0	3	0.000000	0
4	0	4	0.000000	0
7	0	7	0.000000	0
13	0	13	0.000000	0
34	0	34	0.000000	0
44	0	44	0.000000	0
1	0	1	0.000000	0
2	0	2	0.000000	0
3	0	3	0.000000	0
7	0	7	0.000000	0
8	0	8	0.000000	0
20	0	20	0.000000	0
32	0	32	0.000000	0
33	0	33	0.000000	0
1	0	1	0.000000	0
1	0	1	0.000000	0
1	0	1	0.000000	0
3	0	3	0.000000	0
4	0	4	0.000000	0
7	0	7	0.000000	0
8	0	8	0.000000	0
15	0	15	0.000000	0
27	0	27	0.000000	0
41	0	41	0.000000	0
1	0	1	0.000000	0
1	0	1	0.000000	0
3	0	3	0.000000	0
5	0	5	0.000000	0
7	0	7	0.000000	0
9	0	9	0.000000	0
12	0	12	0.000000	0
18	0	18	0.000000	0
34	0	34	0.000000	0
18	0	18	0.000000	0
1	0	1	0.000000	0
1	0	1	0.000000	0
3	0	3	0.000000	0
5	0	5	0.000000	0
7	0	7	0.000000	0
12	0	12	0.000000	0
15	0	15	0.000000	0
30	0	30	0.000000	0
33	0	33	0.000000	0
1	0	1	0.000000	0
1	0	1	0.000000	0
2	0	2	0.000000	0
3	0	3	0.000000	0
5	0	5	0.000000	0
11	0	11	0.000000	0
13	0	13	0.000000	0
21	0	21	0.000000	0
38	0	38	0.000000	0
13	0	13	0.000000	0
1	0	1	0.000000	0
1	0	1	0.000000	0
4	0	4	0.000000	0
7	0	7	0.000000	0
10	0	10	0.000000	0
20	0	20	0.000000	0
34	0	34	0.000000	0
29	0	29	0.000000	0
1	0	1	0.000000	0
1	0	1	0.000000	0
3	0	3	0.000000	0
6	0	6	0.000000	0
6	0	6	0.000000	0
10	0	10	0.000000	0
17	0	17	0.000000	0
35	0	35	0.000000	0
28	0	28	0.000000	0
1	0	1	0.000000	0
2	0	2	0.000000	0
4	0	4	0.000000	0
8	0	8	0.000000	0
8	0	8	0.000000	0
7	0	7	0.000000	0
14	0	14	0.000000	0
23	0	23	0.000000	0
38	0	38	0.000000	0
3	0	3	0.000000	0
1	0	1	0.000000	0
2	0	2	0.000000	0
4	0	4	0.000000	0
7	0	7	0.000000	0
10	0	10	0.000000	0
8	0	8	0.000000	0
13	0	13	0.000000	0
28	0	28	0.000000	0
35	0	35	0.000000	0
1	0	1	0.000000	0
2	0	2	0.000000	0
3	0	3	0.000000	0
7	0	7	0.000000	0
10	0	10	0.000000	0
12	0	12	0.000000	0
16	0	16	0.000000	0
35	0	35	0.000000	0
22	0	22	0.000000	0
1	0	1	0.000000	0
2	0	2	0.000000	0
3	0	3	0.000000	0
6	0	6	0.000000	0
9	0	9	0.000000	0
14	0	14	0.000000	0
23	0	23	0.000000	0
46	0	46	0.000000	0
4	0	4	0.000000	0
1	0	1	0.000000	0
2	0	2	0.000000	0
4	0	4	0.000000	0
5	0	5	0.000000	0
9	0	9	0.000000	0
19	0	19	0.000000	0
28	0	28	0.000000	0
39	0	39	0.000000	0
1	0	1	0.000000	0
1	0	1	0.000000	0
3	0	3	0.000000	0
6	0	6	0.000000	0
6	0	6	0.000000	0
14	0	14	0.000000	0
21	0	21	0.000000	0
40	0	40	0.000000	0
15	0	15	0.000000	0
1	0	1	0.000000	0
2	0	2	0.000000	0
4	0	4	0.000000	0
7	0	7	0.000000	0
6	0	6	0.000000	0
7	0	7	0.000000	0
7	0	7	0.000000	0
12	0	12	0.000000	0
21	0	21	0.000000	0
32	0	32	0.000000	0
11	0	11	0.000000	0
1	0	1	0.000000	0
1	0	1	0.000000	0
2	0	2	0.000000	0
5	0	5	0.000000	0
6	0	6	0.000000	0
10	0	10	0.000000	0
9	0	9	0.000000	0
14	0	14	0.000000	0
33	0	33	0.000000	0
28	0	28	0.000000	0
1	0	1	0.000000	0
1	0	1	0.000000	0
2	0	2	0.000000	0
4	0	4	0.000000	0
6	0	6	0.000000	0
11	0	11	0.000000	0
11	0	11	0.000000	0
15	0	15	0.000000	0
33	0	33	0.000000	0
24	0	24	0.000000	0
1	0	1	0.000000	0
3	0	3	0.000000	0
3	0	3	0.000000	0
8	0	8	0.000000	0
10	0	10	0.000000	0
15	0	15	0.000000	0
27	0	27	0.000000	0
36	0	36	0.000000	0
5	0	5	0.000000	0
1	0	1	0.000000	0
1	0	1	0.000000	0
1	0	1	0.000000	0
2	0	2	0.000000	0
4	0	4	0.000000	0
6	0	6	0.000000	0
10	0	10	0.000000	0
19	0	19	0.000000	0
30	0	30	0.000000	0
34	0	34	0.000000	0
1	0	1	0.000000	0
1	0	1	0.000000	0
3	0	3	0.000000	0
7	0	7	0.000000	0
7	0	7	0.000000	0
13	0	13	0.000000	0
18	0	18	0.000000	0
36	0	36	0.000000	0
21	0	21	0.000000	0
1	0	1	0.000000	0
1	0	1	0.000000	0
1	0	1	0.000000	0
2	0	2	0.000000	0
2	0	2	0.000000	0
6	0	6	0.000000	0
6	0	6	0.000000	0
8	0	8	0.000000	0
13	0	13	0.000000	0
23	0	23	0.000000	0
36	0	36	0.000000	0
10	0	10	0.000000	0
1	0	1	0.000000	0
1	0	1	0.000000	0
2	0	2	0.000000	0
3	0	3	0.000000	0
4	0	4	0.000000	0
10	0	10	0.000000	0
8	0	8	0.000000	0
12	0	12	0.000000	0
21	0	21	0.000000	0
34	0	34	0.000000	0
13	0	13	0.000000	0
1	0	1	0.000000	0
2	0	2	0.000000	0
1	0	1	0.000000	0
3	0	3	0.000000	0
5	0	5	0.000000	0
10	0	10	0.000000	0
11	0	11	0.000000	0
14	0	14	0.000000	0
30	0	30	0.000000	0
31	0	31	0.000000	0
1	0	1	0.000000	0
1	0	1	0.000000	0
1	0	1	0.000000	0
2	0	2	0.000000	0
5	0	5	0.000000	0
7	0	7	0.000000	0
11	0	11	0.000000	0
15	0	15	0.000000	0
26	0	26	0.000000	0
36	0	36	0.000000	0
4	0	4	0.000000	0
1	0	1	0.000000	0
1	0	1	0.000000	0
2	0	2	0.000000	0
3	0	3	0.000000	0
6	0	6	0.000000	0
21	0	21	0.000000	0
24	0	24	0.000000	0
42	0	42	0.000000	0
7	0	7	0.000000	0
1	0	1	0.000000	0
2	0	2	0.000000	0
3	0	3	0.000000	0
6	0	6	0.000000	0
5	0	5	0.000000	0
6	0	6	0.000000	0
3	0	3	0.000000	0
6	0	6	0.000000	0
4	0	4	0.000000	0
10	0	10	0.000000	0
6	0	6	0.000000	0
22	0	22	0.000000	0
26	0	26	0.000000	0
13	0	13	0.000000	0
1	0	1	0.000000	0
3	0	3	0.000000	0
4	0	4	0.000000	0
6	0	6	0.000000	0
7	0	7	0.000000	0
10	0	10	0.000000	0
14	0	14	0.000000	0
34	0	34	0.000000	0
29	0	29	0.000000	0
1	0	1	0.000000	0
2	0	2	0.000000	0
5	0	5	0.000000	0
8	0	8	0.000000	0
10	0	10	0.000000	0
12	0	12	0.000000	0
21	0	21	0.000000	0
38	0	38	0.000000	0
11	0	11	0.000000	0
1	0	1	0.000000	0
1	0	1	0.000000	0
3	0	3	0.000000	0
5	0	5	0.000000	0
6	0	6	0.000000	0
13	0	13	0.000000	0
11	0	11	0.000000	0
23	0	23	0.000000	0
33	0	33	0.000000	0
12	0	12	0.000000	0
1	0	1	0.000000	0
2	0	2	0.000000	0
4	0	4	0.000000	0
8	0	8	0.000000	0
11	0	11	0.000000	0
18	0	18	0.000000	0
30	0	30	0.000000	0
33	0	33	0.000000	0
1	0	1	0.000000	0
1	0	1	0.000000	0
3	0	3	0.000000	0
4	0	4	0.000000	0
5	0	5	0.000000	0
13	0	13	0.000000	0
17	0	17	0.000000	0
31	0	31	0.000000	0
32	0	32	0.000000	0
1	0	1	0.000000	0
3	0	3	0.000000	0
3	0	3	0.000000	0
8	0	8	0.000000	0
9	0	9	0.000000	0
20	0	20	0.000000	0
34	0	34	0.000000	0
29	0	29	0.000000	0
1	0	1	0.000000	0
1	0	1	0.000000	0
1	0	1	0.000000	0
2	0	2	0.000000	0
3	0	3	0.000000	0
5	0	5	0.000000	0
7	0	7	0.000000	0
10	0	10	0.000000	0
15	0	15	0.000000	0
27	0	27	0.000000	0
35	0	35	0.000000	0
2	0	2	0.000000	0
1	0	1	0.000000	0
1	0	1	0.000000	0
2	0	2	0.000000	0
3	0	3	0.000000	0
5	0	5	0.000000	0
10	0	10	0.000000	0
7	0	7	0.000000	0
10	0	10	0.000000	0
16	0	16	0.000000	0
30	0	30	0.000000	0
24	0	24	0.000000	0
1	0	1	0.000000	0
3	0	3	0.000000	0
3	0	3	0.000000	0
7	0	7	0.000000	0
10	0	10	0.000000	0
9	0	9	0.000000	0
12	0	12	0.000000	0
26	0	26	0.000000	0
32	0	32	0.000000	0
6	0	6	0.000000	0
1	0	1	0.000000	0
1	0	1	0.000000	0
2	0	2	0.000000	0
3	0	3	0.000000	0
4	0	4	0.000000	0
9	0	9	0.000000	0
11	0	11	0.000000	0
14	0	14	0.000000	0
29	0	29	0.000000	0
34	0	34	0.000000	0
1	0	1	0.000000	0
1	0	1	0.000000	0
1	0	1	0.000000	0
2	0	2	0.000000	0
5	0	5	0.000000	0
7	0	7	0.000000	0
11	0	11	0.000000	0
17	0	17	0.000000	0
30	0	30	0.000000	0
33	0	33	0.000000	0
1	0	1	0.000000	0
1	0	1	0.000000	0
2	0	2	0.000000	0
4	0	4	0.000000	0
5	0	5	0.000000	0
8	0	8	0.000000	0
12	0	12	0.000000	0
21	0	21	0.000000	0
34	0	34	0.000000	0
21	0	21	0.000000	0
1	0	1	0.000000	0
2	0	2	0.000000	0
3	0	3	0.000000	0
6	0	6	0.000000	0
6	0	6	0.000000	0
7	0	7	0.000000	0
7	0	7	0.000000	0
11	0	11	0.000000	0
17	0	17	0.000000	0
32	0	32	0.000000	0
18	0	18	0.000000	0
1	0	1	0.000000	0
1	0	1	0.000000	0
3	0	3	0.000000	0
6	0	6	0.000000	0
6	0	6	0.000000	0
10	0	10	0.000000	0
9	0	9	0.000000	0
18	0	18	0.000000	0
33	0	33	0.000000	0
21	0	21	0.000000	0
1	0	1	0.000000	0
1	0	1	0.000000	0
2	0	2	0.000000	0
5	0	5	0.000000	0
6	0	6	0.000000	0
11	0	11	0.000000	0
10	0	10	0.000000	0
19	0	19	0.000000	0
32	0	32	0.000000	0
21	0	21	0.000000	0
1	0	1	0.000000	0
3	0	3	0.000000	0
2	0	2	0.000000	0
5	0	5	0.000000	0
8	0	8	0.000000	0
12	0	12	0.000000	0
14	0	14	0.000000	0
28	0	28	0.000000	0
35	0	35	0.000000	0
1	0	1	0.000000	0
3	0	3	0.000000	0
3	0	3	0.000000	0
7	0	7	0.000000	0
9	0	9	0.000000	0
18	0	18	0.000000	0
28	0	28	0.000000	0
38	0	38	0.000000	0
1	0	1	0.000000	0
3	0	3	0.000000	0
3	0	3	0.000000	0
7	0	7	0.000000	0
8	0	8	0.000000	0
16	0	16	0.000000	0
27	0	27	0.000000	0
38	0	38	0.000000	0
5	0	5	0.000000	0
1	0	1	0.000000	0
2	0	2	0.000000	0
2	0	2	0.000000	0
2	0	2	0.000000	0
3	0	3	0.000000	0
2	0	2	0.000000	0
3	0	3	0.000000	0
1	0	1	0.000000	0
1	0	1	0.000000	0
2	0	2	0.000000	0
3	0	3	0.000000	0
2	0	2	0.000000	0
5	0	5	0.000000	0
7	0	7	0.000000	0
16	0	16	0.000000	0
53	0	53	0.000000	0
10	0	10	0.000000	0
1	0	1	0.000000	0
1	0	1	0.000000	0
1	0	1	0.000000	0
2	0	2	0.000000	0
3	0	3	0.000000	0
6	0	6	0.000000	0
7	0	7	0.000000	0
7	0	7	0.000000	0
7	0	7	0.000000	0
12	0	12	0.000000	0
21	0	21	0.000000	0
30	0	30	0.000000	0
13	0	13	0.000000	0
1	0	1	0.000000	0
1	0	1	0.000000	0
2	0	2	0.000000	0
3	0	3	0.000000	0
5	0	5	0.000000	0
8	0	8	0.000000	0
9	0	9	0.000000	0
14	0	14	0.000000	0
21	0	21	0.000000	0
32	0	32	0.000000	0
13	0	13	0.000000	0
1	0	1	0.000000	0
1	0	1	0.000000	0
1	0	1	0.000000	0
2	0	2	0.000000	0
4	0	4	0.000000	0
6	0	6	0.000000	0
7	0	7	0.000000	0
11	0	11	0.000000	0
13	0	13	0.000000	0
27	0	27	0.000000	0
34	0	34	0.000000	0
3	0	3	0.000000	0
1	0	1	0.000000	0
1	0	1	0.000000	0
3	0	3	0.000000	0
4	0	4	0.000000	0
5	0	5	0.000000	0
10	0	10	0.000000	0
15	0	15	0.000000	0
67	0	67	0.000000	0
1	0	1	0.000000	0
1	0	1	0.000000	0
3	0	3	0.000000	0
5	0	5	0.000000	0
4	0	4	0.000000	0
6	0	6	0.000000	0
5	0	5	0.000000	0
4	0	4	0.000000	0
5	0	5	0.000000	0
6	0	6	0.000000	0
8	0	8	0.000000	0
15	0	15	0.000000	0
25	0	25	0.000000	0
24	0	24	0.000000	0
1	0	1	0.000000	0
1	0	1	0.000000	0
3	0	3	0.000000	0
6	0	6	0.000000	0
7	0	7	0.000000	0
10	0	10	0.000000	0
16	0	16	0.000000	0
30	0	30	0.000000	0
33	0	33	0.000000	0
1	0	1	0.000000	0
3	0	3	0.000000	0
4	0	4	0.000000	0
6	0	6	0.000000	0
9	0	9	0.000000	0
6	0	6	0.000000	0
11	0	11	0.000000	0
11	0	11	0.000000	0
29	0	29	0.000000	0
29	0	29	0.000000	0
1	0	1	0.000000	0
1	0	1	0.000000	0
2	0	2	0.000000	0
4	0	4	0.000000	0
6	0	6	0.000000	0
10	0	10	0.000000	0
9	0	9	0.000000	0
13	0	13	0.000000	0
28	0	28	0.000000	0
32	0	32	0.000000	0
4	0	4	0.000000	0
1	0	1	0.000000	0
1	0	1	0.000000	0
3	0	3	0.000000	0
6	0	6	0.000000	0
6	0	6	0.000000	0
14	0	14	0.000000	0
13	0	13	0.000000	0
30	0	30	0.000000	0
33	0	33	0.000000	0
1	0	1	0.000000	0
2	0	2	0.000000	0
2	0	2	0.000000	0
4	0	4	0.000000	0
6	0	6	0.000000	0
13	0	13	0.000000	0
16	0	16	0.000000	0
30	0	30	0.000000	0
33	0	33	0.000000	0
1	0	1	0.000000	0
1	0	1	0.000000	0
2	0	2	0.000000	0
4	0	4	0.000000	0
4	0	4	0.000000	0
9	0	9	0.000000	0
12	0	12	0.000000	0
21	0	21	0.000000	0
37	0	37	0.000000	0
17	0	17	0.000000	0
1	0	1	0.000000	0
1	0	1	0.000000	0
2	0	2	0.000000	0
4	0	4	0.000000	0
4	0	4	0.000000	0
8	0	8	0.000000	0
9	0	9	0.000000	0
16	0	16	0.000000	0
28	0	28	0.000000	0
34	0	34	0.000000	0
2	0	2	0.000000	0
1	0	1	0.000000	0
1	0	1	0.000000	0
1	0	1	0.000000	0
1	0	1	0.000000	0
4	0	4	0.000000	0
7	0	7	0.000000	0
9	0	9	0.000000	0
8	0	8	0.000000	0
13	0	13	0.000000	0
25	0	25	0.000000	0
33	0	33	0.000000	0
6	0	6	0.000000	0
1	0	1	0.000000	0
2	0	2	0.000000	0
3	0	3	0.000000	0
5	0	5	0.000000	0
3	0	3	0.000000	0
2	0	2	0.000000	0
1	0	1	0.000000	0
4	0	4	0.000000	0
2	0	2	0.000000	0
4	0	4	0.000000	0
3	0	3	0.000000	0
4	0	4	0.000000	0
4	0	4	0.000000	0
9	0	9	0.000000	0
10	0	10	0.000000	0
25	0	25	0.000000	0
29	0	29	0.000000	0
1	0	1	0.000000	0
1	0	1	0.000000	0
4	0	4	0.000000	0
15	0	15	0.000000	0
27	0	27	0.000000	0
46	0	46	0.000000	0
11	0	11	0.000000	0
1	0	1	0.000000	0
1	0	1	0.000000	0
3	0	3	0.000000	0
6	0	6	0.000000	0
7	0	7	0.000000	0
18	0	18	0.000000	0
19	0	19	0.000000	0
39	0	39	0.000000	0
13	0	13	0.000000	0
1	0	1	0.000000	0
2	0	2	0.000000	0
2	0	2	0.000000	0
6	0	6	0.000000	0
5	0	5	0.000000	0
8	0	8	0.000000	0
9	0	9	0.000000	0
12	0	12	0.000000	0
25	0	25	0.000000	0
32	0	32	0.000000	0
7	0	7	0.000000	0
1	0	1	0.000000	0
2	0	2	0.000000	0
3	0	3	0.000000	0
6	0	6	0.000000	0
6	0	6	0.000000	0
6	0	6	0.000000	0
8	0	8	0.000000	0
9	0	9	0.000000	0
12	0	12	0.000000	0
25	0	25	0.000000	0
25	0	25	0.000000	0
7	0	7	0.000000	0
1	0	1	0.000000	0
1	0	1	0.000000	0
4	0	4	0.000000	0
6	0	6	0.000000	0
8	0	8	0.000000	0
13	0	13	0.000000	0
19	0	19	0.000000	0
35	0	35	0.000000	0
20	0	20	0.000000	0
1	0	1	0.000000	0
1	0	1	0.000000	0
2	0	2	0.000000	0
4	0	4	0.000000	0
6	0	6	0.000000	0
7	0	7	0.000000	0
8	0	8	0.000000	0
9	0	9	0.000000	0
10	0	10	0.000000	0
24	0	24	0.000000	0
31	0	31	0.000000	0
8	0	8	0.000000	0
1	0	1	0.000000	0
2	0	2	0.000000	0
6	0	6	0.000000	0
15	0	15	0.000000	0
22	0	22	0.000000	0
47	0	47	0.000000	0
13	0	13	0.000000	0
1	0	1	0.000000	0
2	0	2	0.000000	0
3	0	3	0.000000	0
5	0	5	0.000000	0
4	0	4	0.000000	0
5	0	5	0.000000	0
5	0	5	0.000000	0
7	0	7	0.000000	0
10	0	10	0.000000	0
16	0	16	0.000000	0
28	0	28	0.000000	0
25	0	25	0.000000	0
1	0	1	0.000000	0
3	0	3	0.000000	0
4	0	4	0.000000	0
3	0	3	0.000000	0
4	0	4	0.000000	0
5	0	5	0.000000	0
6	0	6	0.000000	0
7	0	7	0.000000	0
5	0	5	0.000000	0
10	0	10	0.000000	0
14	0	14	0.000000	0
21	0	21	0.000000	0
26	0	26	0.000000	0
4	0	4	0.000000	0
1	0	1	0.000000	0
1	0	1	0.000000	0
1	0	1	0.000000	0
2	0	2	0.000000	0
4	0	4	0.000000	0
9	0	9	0.000000	0
8	0	8	0.000000	0
16	0	16	0.000000	0
29	0	29	0.000000	0
37	0	37	0.000000	0
1	0	1	0.000000	0
1	0	1	0.000000	0
2	0	2	0.000000	0
5	0	5	0.000000	0
6	0	6	0.000000	0
7	0	7	0.000000	0
10	0	10	0.000000	0
13	0	13	0.000000	0
29	0	29	0.000000	0
34	0	34	0.000000	0
1	0	1	0.000000	0
2	0	2	0.000000	0
4	0	4	0.000000	0
8	0	8	0.000000	0
13	0	13	0.000000	0
49	0	49	0.000000	0
28	0	28	0.000000	0
1	0	1	0.000000	0
1	0	1	0.000000	0
4	0	4	0.000000	0
7	0	7	0.000000	0
9	0	9	0.000000	0
14	0	14	0.000000	0
20	0	20	0.000000	0
37	0	37	0.000000	0
14	0	14	0.000000	0
1	0	1	0.000000	0
2	0	2	0.000000	0
3	0	3	0.000000	0
7	0	7	0.000000	0
8	0	8	0.000000	0
15	0	15	0.000000	0
21	0	21	0.000000	0
38	0	38	0.000000	0
13	0	13	0.000000	0
1	0	1	0.000000	0
1	0	1	0.000000	0
2	0	2	0.000000	0
4	0	4	0.000000	0
6	0	6	0.000000	0
6	0	6	0.000000	0
9	0	9	0.000000	0
15	0	15	0.000000	0
23	0	23	0.000000	0
35	0	35	0.000000	0
7	0	7	0.000000	0
1	0	1	0.000000	0
3	0	3	0.000000	0
6	0	6	0.000000	0
8	0	8	0.000000	0
7	0	7	0.000000	0
8	0	8	0.000000	0
12	0	12	0.000000	0
20	0	20	0.000000	0
31	0	31	0.000000	0
13	0	13	0.000000	0
1	0	1	0.000000	0
1	0	1	0.000000	0
2	0	2	0.000000	0
6	0	6	0.000000	0
8	0	8	0.000000	0
9	0	9	0.000000	0
15	0	15	0.000000	0
25	0	25	0.000000	0
36	0	36	0.000000	0
5	0	5	0.000000	0
1	0	1	0.000000	0
1	0	1	0.000000	0
3	0	3	0.000000	0
2	0	2	0.000000	0
2	0	2	0.000000	0
1	0	1	0.000000	0
5	0	5	0.000000	0
4	0	4	0.000000	0
6	0	6	0.000000	0
7	0	7	0.000000	0
9	0	9	0.000000	0
11	0	11	0.000000	0
21	0	21	0.000000	0
31	0	31	0.000000	0
7	0	7	0.000000	0
1	0	1	0.000000	0
1	0	1	0.000000	0
1	0	1	0.000000	0
3	0	3	0.000000	0
5	0	5	0.000000	0
8	0	8	0.000000	0
10	0	10	0.000000	0
14	0	14	0.000000	0
25	0	25	0.000000	0
40	0	40	0.000000	0
1	0	1	0.000000	0
1	0	1	0.000000	0
3	0	3	0.000000	0
6	0	6	0.000000	0
9	0	9	0.000000	0
14	0	14	0.000000	0
19	0	19	0.000000	0
36	0	36	0.000000	0
18	0	18	0.000000	0
1	0	1	0.000000	0
3	0	3	0.000000	0
4	0	4	0.000000	0
7	0	7	0.000000	0
6	0	6	0.000000	0
4	0	4	0.000000	0
5	0	5	0.000000	0
5	0	5	0.000000	0
9	0	9	0.000000	0
12	0	12	0.000000	0
26	0	26	0.000000	0
26	0	26	0.000000	0
4	0	4	0.000000	0
1	0	1	0.000000	0
3	0	3	0.000000	0
3	0	3	0.000000	0
7	0	7	0.000000	0
7	0	7	0.000000	0
5	0	5	0.000000	0
8	0	8	0.000000	0
12	0	12	0.000000	0
62	0	62	0.000000	0
1	0	1	0.000000	0
1	0	1	0.000000	0
3	0	3	0.000000	0
5	0	5	0.000000	0
6	0	6	0.000000	0
8	0	8	0.000000	0
7	0	7	0.000000	0
14	0	14	0.000000	0
28	0	28	0.000000	0
35	0	35	0.000000	0
1	0	1	0.000000	0
2	0	2	0.000000	0
4	0	4	0.000000	0
6	0	6	0.000000	0
10	0	10	0.000000	0
8	0	8	0.000000	0
14	0	14	0.000000	0
24	0	24	0.000000	0
34	0	34	0.000000	0
6	0	6	0.000000	0
1	0	1	0.000000	0
1	0	1	0.000000	0
4	0	4	0.000000	0
8	0	8	0.000000	0
10	0	10	0.000000	0
14	0	14	0.000000	0
22	0	22	0.000000	0
34	0	34	0.000000	0
13	0	13	0.000000	0
1	0	1	0.000000	0
1	0	1	0.000000	0
4	0	4	0.000000	0
7	0	7	0.000000	0
9	0	9	0.000000	0
19	0	19	0.000000	0
28	0	28	0.000000	0
37	0	37	0.000000	0
1	0	1	0.000000	0
1	0	1	0.000000	0
2	0	2	0.000000	0
4	0	4	0.000000	0
5	0	5	0.000000	0
9	0	9	0.000000	0
17	0	17	0.000000	0
28	0	28	0.000000	0
37	0	37	0.000000	0
4	0	4	0.000000	0
1	0	1	0.000000	0
1	0	1	0.000000	0
1	0	1	0.000000	0
1	0	1	0.000000	0
3	0	3	0.000000	0
5	0	5	0.000000	0
5	0	5	0.000000	0
6	0	6	0.000000	0
6	0	6	0.000000	0
6	0	6	0.000000	0
11	0	11	0.000000	0
14	0	14	0.000000	0
30	0	30	0.000000	0
21	0	21	0.000000	0
1	0	1	0.000000	0
1	0	1	0.000000	0
2	0	2	0.000000	0
3	0	3	0.000000	0
5	0	5	0.000000	0
9	0	9	0.000000	0
8	0	8	0.000000	0
14	0	14	0.000000	0
25	0	25	0.000000	0
31	0	31	0.000000	0
10	0	10	0.000000	0
1	0	1	0.000000	0
2	0	2	0.000000	0
2	0	2	0.000000	0
6	0	6	0.000000	0
6	0	6	0.000000	0
9	0	9	0.000000	0
11	0	11	0.000000	0
16	0	16	0.000000	0
31	0	31	0.000000	0
24	0	24	0.000000	0
1	0	1	0.000000	0
3	0	3	0.000000	0
3	0	3	0.000000	0
1	0	1	0.000000	0
1	0	1	0.000000	0
1	0	1	0.000000	0
6	0	6	0.000000	0
5	0	5	0.000000	0
11	0	11	0.000000	0
12	0	12	0.000000	0
24	0	24	0.000000	0
39	0	39	0.000000	0
1	0	1	0.000000	0
1	0	1	0.000000	0
4	0	4	0.000000	0
6	0	6	0.000000	0
7	0	7	0.000000	0
16	0	16	0.000000	0
22	0	22	0.000000	0
37	0	37	0.000000	0
13	0	13	0.000000	0
1	0	1	0.000000	0
1	0	1	0.000000	0
3	0	3	0.000000	0
6	0	6	0.000000	0
66	0	66	0.000000	0
27	0	27	0.000000	0
1	0	1	0.000000	0
2	0	2	0.000000	0
4	0	4	0.000000	0
8	0	8	0.000000	0
6	0	6	0.000000	0
8	0	8	0.000000	0
10	0	10	0.000000	0
17	0	17	0.000000	0
30	0	30	0.000000	0
23	0	23	0.000000	0
1	0	1	0.000000	0
3	0	3	0.000000	0
3	0	3	0.000000	0
6	0	6	0.000000	0
7	0	7	0.000000	0
9	0	9	0.000000	0
14	0	14	0.000000	0
27	0	27	0.000000	0
35	0	35	0.000000	0
4	0	4	0.000000	0
1	0	1	0.000000	0
1	0	1	0.000000	0
2	0	2	0.000000	0
3	0	3	0.000000	0
6	0	6	0.000000	0
12	0	12	0.000000	0
9	0	9	0.000000	0
15	0	15	0.000000	0
29	0	29	0.000000	0
30	0	30	0.000000	0
1	0	1	0.000000	0
2	0	2	0.000000	0
2	0	2	0.000000	0
5	0	5	0.000000	0
7	0	7	0.000000	0
14	0	14	0.000000	0
13	0	13	0.000000	0
31	0	31	0.000000	0
32	0	32	0.000000	0
1	0	1	0.000000	0
2	0	2	0.000000	0
2	0	2	0.000000	0
6	0	6	0.000000	0
6	0	6	0.000000	0
12	0	12	0.000000	0
16	0	16	0.000000	0
31	0	31	0.000000	0
32	0	32	0.000000	0
1	0	1	0.000000	0
1	0	1	0.000000	0
2	0	2	0.000000	0
4	0	4	0.000000	0
4	0	4	0.000000	0
9	0	9	0.000000	0
11	0	11	0.000000	0
18	0	18	0.000000	0
36	0	36	0.000000	0
22	0	22	0.000000	0
1	0	1	0.000000	0
2	0	2	0.000000	0
4	0	4	0.000000	0
3	0	3	0.000000	0
3	0	3	0.000000	0
2	0	2	0.000000	0
2	0	2	0.000000	0
1	0	1	0.000000	0
1	0	1	0.000000	0
1	0	1	0.000000	0
1	0	1	0.000000	0
1	0	1	0.000000	0
1	0	1	0.000000	0
1	0	1	0.000000	0
1	0	1	0.000000	0
1	0	1	0.000000	0
1	0	1	0.000000	0
1	0	1	0.000000	0
2	0	2	0.000000	0
3	0	3	0.000000	0
1	0	1	0.000000	0
1	0	1	0.000000	0
1	0	1	0.000000	0
1	0	1	0.000000	0
2	0	2	0.000000	0
2	0	2	0.000000	0
3	0	3	0.000000	0
1	0	1	0.000000	0
3	0	3	0.000000	0
3	0	3	0.000000	0
4	0	4	0.000000	0
5	0	5	0.000000	0
5	0	5	0.000000	0
11	0	11	0.000000	0
18	0	18	0.000000	0
22	0	22	0.000000	0
10	0	10	0.000000	0
1	0	1	0.000000	0
2	0	2	0.000000	0
4	0	4	0.000000	0
5	0	5	0.000000	0
5	0	5	0.000000	0
8	0	8	0.000000	0
8	0	8	0.000000	0
17	0	17	0.000000	0
35	0	35	0.000000	0
24	0	24	0.000000	0
1	0	1	0.000000	0
1	0	1	0.000000	0
3	0	3	0.000000	0
5	0	5	0.000000	0
7	0	7	0.000000	0
10	0	10	0.000000	0
9	0	9	0.000000	0
18	0	18	0.000000	0
32	0	32	0.000000	0
22	0	22	0.000000	0
1	0	1	0.000000	0
1	0	1	0.000000	0
2	0	2	0.000000	0
4	0	4	0.000000	0
5	0	5	0.000000	0
8	0	8	0.000000	0
10	0	10	0.000000	0
14	0	14	0.000000	0
25	0	25	0.000000	0
35	0	35	0.000000	0
4	0	4	0.000000	0
1	0	1	0.000000	0
1	0	1	0.000000	0
2	0	2	0.000000	0
3	0	3	0.000000	0
5	0	5	0.000000	0
8	0	8	0.000000	0
13	0	13	0.000000	0
16	0	16	0.000000	0
35	0	35	0.000000	0
24	0	24	0.000000	0
1	0	1	0.000000	0
1	0	1	0.000000	0
3	0	3	0.000000	0
2	0	2	0.000000	0
2	0	2	0.000000	0
3	0	3	0.000000	0
1	0	1	0.000000	0
2	0	2	0.000000	0
2	0	2	0.000000	0
2	0	2	0.000000	0
2	0	2	0.000000	0
1	0	1	0.000000	0
1	0	1	0.000000	0
3	0	3	0.000000	0
2	0	2	0.000000	0
2	0	2	0.000000	0
2	0	2	0.000000	0
1	0	1	0.000000	0
5	0	5	0.000000	0
13	0	13	0.000000	0
47	0	47	0.000000	0
16	0	16	0.000000	0
1	0	1	0.000000	0
1	0	1	0.000000	0
1	0	1	0.000000	0
1	0	1	0.000000	0
4	0	4	0.000000	0
6	0	6	0.000000	0
5	0	5	0.000000	0
6	0	6	0.000000	0
5	0	5	0.000000	0
4	0	4	0.000000	0
2	0	2	0.000000	0
5	0	5	0.000000	0
8	0	8	0.000000	0
14	0	14	0.000000	0
29	0	29	0.000000	0
21	0	21	0.000000	0
1	0	1	0.000000	0
1	0	1	0.000000	0
2	0	2	0.000000	0
3	0	3	0.000000	0
6	0	6	0.000000	0
7	0	7	0.000000	0
10	0	10	0.000000	0
8	0	8	0.000000	0
19	0	19	0.000000	0
31	0	31	0.000000	0
22	0	22	0.000000	0
1	0	1	0.000000	0
1	0	1	0.000000	0
2	0	2	0.000000	0
4	0	4	0.000000	0
4	0	4	0.000000	0
9	0	9	0.000000	0
9	0	9	0.000000	0
14	0	14	0.000000	0
22	0	22	0.000000	0
32	0	32	0.000000	0
11	0	11	0.000000	0
1	0	1	0.000000	0
1	0	1	0.000000	0
1	0	1	0.000000	0
2	0	2	0.000000	0
3	0	3	0.000000	0
4	0	4	0.000000	0
4	0	4	0.000000	0
4	0	4	0.000000	0
7	0	7	0.000000	0
7	0	7	0.000000	0
14	0	14	0.000000	0
15	0	15	0.000000	0
28	0	28	0.000000	0
21	0	21	0.000000	0
1	0	1	0.000000	0
1	0	1	0.000000	0
2	0	2	0.000000	0
3	0	3	0.000000	0
5	0	5	0.000000	0
9	0	9	0.000000	0
5	0	5	0.000000	0
6	0	6	0.000000	0
10	0	10	0.000000	0
13	0	13	0.000000	0
25	0	25	0.000000	0
30	0	30	0.000000	0
1	0	1	0.000000	0
1	0	1	0.000000	0
3	0	3	0.000000	0
6	0	6	0.000000	0
5	0	5	0.000000	0
12	0	12	0.000000	0
17	0	17	0.000000	0
35	0	35	0.000000	0
27	0	27	0.000000	0
1	0	1	0.000000	0
1	0	1	0.000000	0
2	0	2	0.000000	0
5	0	5	0.000000	0
4	0	4	0.000000	0
8	0	8	0.000000	0
9	0	9	0.000000	0
16	0	16	0.000000	0
29	0	29	0.000000	0
34	0	34	0.000000	0
1	0	1	0.000000	0
1	0	1	0.000000	0
3	0	3	0.000000	0
6	0	6	0.000000	0
7	0	7	0.000000	0
10	0	10	0.000000	0
8	0	8	0.000000	0
9	0	9	0.000000	0
21	0	21	0.000000	0
30	0	30	0.000000	0
13	0	13	0.000000	0
1	0	1	0.000000	0
1	0	1	0.000000	0
3	0	3	0.000000	0
6	0	6	0.000000	0
7	0	7	0.000000	0
6	0	6	0.000000	0
7	0	7	0.000000	0
12	0	12	0.000000	0
18	0	18	0.000000	0
47	0	47	0.000000	0
1	0	1	0.000000	0
2	0	2	0.000000	0
4	0	4	0.000000	0
9	0	9	0.000000	0
12	0	12	0.000000	0
14	0	14	0.000000	0
28	0	28	0.000000	0
37	0	37	0.000000	0
1	0	1	0.000000	0
1	0	1	0.000000	0
2	0	2	0.000000	0
3	0	3	0.000000	0
5	0	5	0.000000	0
13	0	13	0.000000	0
9	0	9	0.000000	0
19	0	19	0.000000	0
31	0	31	0.000000	0
24	0	24	0.000000	0
1	0	1	0.000000	0
2	0	2	0.000000	0
3	0	3	0.000000	0
7	0	7	0.000000	0
4	0	4	0.000000	0
4	0	4	0.000000	0
4	0	4	0.000000	0
4	0	4	0.000000	0
3	0	3	0.000000	0
5	0	5	0.000000	0
6	0	6	0.000000	0
7	0	7	0.000000	0
14	0	14	0.000000	0
30	0	30	0.000000	0
20	0	20	0.000000	0
1	0	1	0.000000	0
1	0	1	0.000000	0
4	0	4	0.000000	0
6	0	6	0.000000	0
8	0	8	0.000000	0
20	0	20	0.000000	0
57	0	57	0.000000	0
9	0	9	0.000000	0
1	0	1	0.000000	0
2	0	2	0.000000	0
4	0	4	0.000000	0
6	0	6	0.000000	0
10	0	10	0.000000	0
20	0	20	0.000000	0
39	0	39	0.000000	0
24	0	24	0.000000	0
1	0	1	0.000000	0
1	0	1	0.000000	0
3	0	3	0.000000	0
5	0	5	0.000000	0
6	0	6	0.000000	0
10	0	10	0.000000	0
8	0	8	0.000000	0
15	0	15	0.000000	0
24	0	24	0.000000	0
31	0	31	0.000000	0
5	0	5	0.000000	0
1	0	1	0.000000	0
1	0	1	0.000000	0
2	0	2	0.000000	0
4	0	4	0.000000	0
6	0	6	0.000000	0
13	0	13	0.000000	0
10	0	10	0.000000	0
21	0	21	0.000000	0
38	0	38	0.000000	0
12	0	12	0.000000	0
1	0	1	0.000000	0
1	0	1	0.000000	0
1	0	1	0.000000	0
1	0	1	0.000000	0
3	0	3	0.000000	0
2	0	2	0.000000	0
3	0	3	0.000000	0
1	0	1	0.000000	0
2	0	2	0.000000	0
2	0	2	0.000000	0
1	0	1	0.000000	0
1	0	1	0.000000	0
1	0	1	0.000000	0
1	0	1	0.000000	0
2	0	2	0.000000	0
1	0	1	0.000000	0
2	0	2	0.000000	0
1	0	1	0.000000	0
1	0	1	0.000000	0
2	0	2	0.000000	0
2	0	2	0.000000	0
2	0	2	0.000000	0
1	0	1	0.000000	0
1	0	1	0.000000	0
1	0	1	0.000000	0
2	0	2	0.000000	0
1	0	1	0.000000	0
1	0	1	0.000000	0
1	0	1	0.000000	0
2	0	2	0.000000	0
3	0	3	0.000000	0
3	0	3	0.000000	0
5	0	5	0.000000	0
5	0	5	0.000000	0
9	0	9	0.000000	0
18	0	18	0.000000	0
23	0	23	0.000000	0
15	0	15	0.000000	0
1	0	1	0.000000	0
2	0	2	0.000000	0
3	0	3	0.000000	0
5	0	5	0.000000	0
7	0	7	0.000000	0
13	0	13	0.000000	0
17	0	17	0.000000	0
36	0	36	0.000000	0
24	0	24	0.000000	0
1	0	1	0.000000	0
2	0	2	0.000000	0
4	0	4	0.000000	0
6	0	6	0.000000	0
8	0	8	0.000000	0
11	0	11	0.000000	0
19	0	19	0.000000	0
35	0	35	0.000000	0
22	0	22	0.000000	0
1	0	1	0.000000	0
3	0	3	0.000000	0
3	0	3	0.000000	0
7	0	7	0.000000	0
8	0	8	0.000000	0
9	0	9	0.000000	0
75	0	75	0.000000	0
1	0	1	0.000000	0
1	0	1	0.000000	0
3	0	3	0.000000	0
6	0	6	0.000000	0
7	0	7	0.000000	0
18	0	18	0.000000	0
52	0	52	0.000000	0
18	0	18	0.000000	0
1	0	1	0.000000	0
2	0	2	0.000000	0
5	0	5	0.000000	0
15	0	15	0.000000	0
20	0	20	0.000000	0
44	0	44	0.000000	0
19	0	19	0.000000	0
1	0	1	0.000000	0
1	0	1	0.000000	0
5	0	5	0.000000	0
5	0	5	0.000000	0
8	0	8	0.000000	0
16	0	16	0.000000	0
54	0	54	0.000000	0
17	0	17	0.000000	0
1	0	1	0.000000	0
1	0	1	0.000000	0
2	0	2	0.000000	0
3	0	3	0.000000	0
5	0	5	0.000000	0
4	0	4	0.000000	0
3	0	3	0.000000	0
5	0	5	0.000000	0
3	0	3	0.000000	0
5	0	5	0.000000	0
4	0	4	0.000000	0
5	0	5	0.000000	0
9	0	9	0.000000	0
11	0	11	0.000000	0
23	0	23	0.000000	0
29	0	29	0.000000	0
2	0	2	0.000000	0
1	0	1	0.000000	0
3	0	3	0.000000	0
4	0	4	0.000000	0
9	0	9	0.000000	0
7	0	7	0.000000	0
9	0	9	0.000000	0
12	0	12	0.000000	0
23	0	23	0.000000	0
32	0	32	0.000000	0
9	0	9	0.000000	0
1	0	1	0.000000	0
2	0	2	0.000000	0
4	0	4	0.000000	0
6	0	6	0.000000	0
8	0	8	0.000000	0
12	0	12	0.000000	0
12	0	12	0.000000	0
25	0	25	0.000000	0
29	0	29	0.000000	0
10	0	10	0.000000	0
1	0	1	0.000000	0
2	0	2	0.000000	0
2	0	2	0.000000	0
3	0	3	0.000000	0
2	0	2	0.000000	0
1	0	1	0.000000	0
2	0	2	0.000000	0
2	0	2	0.000000	0
2	0	2	0.000000	0
2	0	2	0.000000	0
1	0	1	0.000000	0
1	0	1	0.000000	0
1	0	1	0.000000	0
2	0	2	0.000000	0
2	0	2	0.000000	0
1	0	1	0.000000	0
2	0	2	0.000000	0
1	0	1	0.000000	0
2	0	2	0.000000	0
3	0	3	0.000000	0
2	0	2	0.000000	0
2	0	2	0.000000	0
3	0	3	0.000000	0
2	0	2	0.000000	0
4	0	4	0.000000	0
6	0	6	0.000000	0
3	0	3	0.000000	0
11	0	11	0.000000	0
14	0	14	0.000000	0
30	0	30	0.000000	0
10	0	10	0.000000	0
1	0	1	0.000000	0
2	0	2	0.000000	0
4	0	4	0.000000	0
5	0	5	0.000000	0
11	0	11	0.000000	0
12	0	12	0.000000	0
20	0	20	0.000000	0
31	0	31	0.000000	0
22	0	22	0.000000	0
1	0	1	0.000000	0
2	0	2	0.000000	0
3	0	3	0.000000	0
4	0	4	0.000000	0
7	0	7	0.000000	0
11	0	11	0.000000	0
17	0	17	0.000000	0
33	0	33	0.000000	0
30	0	30	0.000000	0
1	0	1	0.000000	0
1	0	1	0.000000	0
2	0	2	0.000000	0
3	0	3	0.000000	0
5	0	5	0.000000	0
10	0	10	0.000000	0
13	0	13	0.000000	0
20	0	20	0.000000	0
37	0	37	0.000000	0
16	0	16	0.000000	0
1	0	1	0.000000	0
1	0	1	0.000000	0
1	0	1	0.000000	0
2	0	2	0.000000	0
4	0	4	0.000000	0
7	0	7	0.000000	0
7	0	7	0.000000	0
11	0	11	0.000000	0
18	0	18	0.000000	0
35	0	35	0.000000	0
22	0	22	0.000000	0
1	0	1	0.000000	0
2	0	2	0.000000	0
3	0	3	0.000000	0
6	0	6	0.000000	0
8	0	8	0.000000	0
8	0	8	0.000000	0
17	0	17	0.000000	0
29	0	29	0.000000	0
34	0	34	0.000000	0
1	0	1	0.000000	0
1	0	1	0.000000	0
4	0	4	0.000000	0
7	0	7	0.000000	0
10	0	10	0.000000	0
11	0	11	0.000000	0
12	0	12	0.000000	0
28	0	28	0.000000	0
33	0	33	0.000000	0
1	0	1	0.000000	0
1	0	1	0.000000	0
4	0	4	0.000000	0
7	0	7	0.000000	0
9	0	9	0.000000	0
10	0	10	0.000000	0
13	0	13	0.000000	0
31	0	31	0.000000	0
31	0	31	0.000000	0
1	0	1	0.000000	0
2	0	2	0.000000	0
3	0	3	0.000000	0
6	0	6	0.000000	0
8	0	8	0.000000	0
13	0	13	0.000000	0
15	0	15	0.000000	0
34	0	34	0.000000	0
26	0	26	0.000000	0
1	0	1	0.000000	0
2	0	2	0.000000	0
3	0	3	0.000000	0
6	0	6	0.000000	0
9	0	9	0.000000	0
19	0	19	0.000000	0
29	0	29	0.000000	0
37	0	37	0.000000	0
1	0	1	0.000000	0
2	0	2	0.000000	0
4	0	4	0.000000	0
8	0	8	0.000000	0
9	0	9	0.000000	0
18	0	18	0.000000	0
31	0	31	0.000000	0
33	0	33	0.000000	0
1	0	1	0.000000	0
1	0	1	0.000000	0
3	0	3	0.000000	0
5	0	5	0.000000	0
6	0	6	0.000000	0
8	0	8	0.000000	0
8	0	8	0.000000	0
14	0	14	0.000000	0
27	0	27	0.000000	0
35	0	35	0.000000	0
1	0	1	0.000000	0
2	0	2	0.000000	0
4	0	4	0.000000	0
6	0	6	0.000000	0
10	0	10	0.000000	0
10	0	10	0.000000	0
12	0	12	0.000000	0
23	0	23	0.000000	0
32	0	32	0.000000	0
9	0	9	0.000000	0
1	0	1	0.000000	0
2	0	2	0.000000	0
3	0	3	0.000000	0
7	0	7	0.000000	0
10	0	10	0.000000	0
12	0	12	0.000000	0
17	0	17	0.000000	0
33	0	33	0.000000	0
23	0	23	0.000000	0
1	0	1	0.000000	0
1	0	1	0.000000	0
3	0	3	0.000000	0
6	0	6	0.000000	0
7	0	7	0.000000	0
14	0	14	0.000000	0
17	0	17	0.000000	0
36	0	36	0.000000	0
22	0	22	0.000000	0
1	0	1	0.000000	0
2	0	2	0.000000	0
4	0	4	0.000000	0
5	0	5	0.000000	0
5	0	5	0.000000	0
8	0	8	0.000000	0
11	0	11	0.000000	0
15	0	15	0.000000	0
33	0	33	0.000000	0
25	0	25	0.000000	0
1	0	1	0.000000	0
2	0	2	0.000000	0
3	0	3	0.000000	0
5	0	5	0.000000	0
8	0	8	0.000000	0
10	0	10	0.000000	0
16	0	16	0.000000	0
33	0	33	0.000000	0
30	0	30	0.000000	0
1	0	1	0.000000	0
1	0	1	0.000000	0
5	0	5	0.000000	0
7	0	7	0.000000	0
8	0	8	0.000000	0
9	0	9	0.000000	0
13	0	13	0.000000	0
30	0	30	0.000000	0
33	0	33	0.000000	0
1	0	1	0.000000	0
1	0	1	0.000000	0
3	0	3	0.000000	0
5	0	5	0.000000	0
6	0	6	0.000000	0
10	0	10	0.000000	0
9	0	9	0.000000	0
12	0	12	0.000000	0
24	0	24	0.000000	0
34	0	34	0.000000	0
4	0	4	0.000000	0
1	0	1	0.000000	0
3	0	3	0.000000	0
2	0	2	0.000000	0
3	0	3	0.000000	0
3	0	3	0.000000	0
1	0	1	0.000000	0
2	0	2	0.000000	0
3	0	3	0.000000	0
6	0	6	0.000000	0
9	0	9	0.000000	0
10	0	10	0.000000	0
16	0	16	0.000000	0
28	0	28	0.000000	0
25	0	25	0.000000	0
1	0	1	0.000000	0
2	0	2	0.000000	0
2	0	2	0.000000	0
2	0	2	0.000000	0
1	0	1	0.000000	0
2	0	2	0.000000	0
2	0	2	0.000000	0
2	0	2	0.000000	0
1	0	1	0.000000	0
2	0	2	0.000000	0
1	0	1	0.000000	0
1	0	1	0.000000	0
1	0	1	0.000000	0
1	0	1	0.000000	0
1	0	1	0.000000	0
1	0	1	0.000000	0
2	0	2	0.000000	0
5	0	5	0.000000	0
5	0	5	0.000000	0
11	0	11	0.000000	0
12	0	12	0.000000	0
29	0	29	0.000000	0
28	0	28	0.000000	0
1	0	1	0.000000	0
3	0	3	0.000000	0
5	0	5	0.000000	0
8	0	8	0.000000	0
14	0	14	0.000000	0
22	0	22	0.000000	0
38	0	38	0.000000	0
16	0	16	0.000000	0
1	0	1	0.000000	0
2	0	2	0.000000	0
4	0	4	0.000000	0
6	0	6	0.000000	0
9	0	9	0.000000	0
11	0	11	0.000000	0
21	0	21	0.000000	0
37	0	37	0.000000	0
17	0	17	0.000000	0
1	0	1	0.000000	0
1	0	1	0.000000	0
1	0	1	0.000000	0
2	0	2	0.000000	0
3	0	3	0.000000	0
8	0	8	0.000000	0
7	0	7	0.000000	0
9	0	9	0.000000	0
15	0	15	0.000000	0
34	0	34	0.000000	0
27	0	27	0.000000	0
1	0	1	0.000000	0
1	0	1	0.000000	0
1	0	1	0.000000	0
2	0	2	0.000000	0
3	0	3	0.000000	0
7	0	7	0.000000	0
8	0	8	0.000000	0
9	0	9	0.000000	0
13	0	13	0.000000	0
27	0	27	0.000000	0
36	0	36	0.000000	0
1	0	1	0.000000	0
1	0	1	0.000000	0
1	0	1	0.000000	0
2	0	2	0.000000	0
3	0	3	0.000000	0
6	0	6	0.000000	0
11	0	11	0.000000	0
13	0	13	0.000000	0
22	0	22	0.000000	0
48	0	48	0.000000	0
1	0	1	0.000000	0
2	0	2	0.000000	0
2	0	2	0.000000	0
5	0	5	0.000000	0
5	0	5	0.000000	0
7	0	7	0.000000	0
7	0	7	0.000000	0
12	0	12	0.000000	0
18	0	18	0.000000	0
35	0	35	0.000000	0
16	0	16	0.000000	0
1	0	1	0.000000	0
3	0	3	0.000000	0
8	0	8	0.000000	0
12	0	12	0.000000	0
19	0	19	0.000000	0
39	0	39	0.000000	0
24	0	24	0.000000	0
1	0	1	0.000000	0
1	0	1	0.000000	0
2	0	2	0.000000	0
4	0	4	0.000000	0
7	0	7	0.000000	0
9	0	9	0.000000	0
16	0	16	0.000000	0
28	0	28	0.000000	0
39	0	39	0.000000	0
1	0	1	0.000000	0
3	0	3	0.000000	0
5	0	5	0.000000	0
9	0	9	0.000000	0
6	0	6	0.000000	0
7	0	7	0.000000	0
12	0	12	0.000000	0
19	0	19	0.000000	0
46	0	46	0.000000	0
1	0	1	0.000000	0
1	0	1	0.000000	0
3	0	3	0.000000	0
5	0	5	0.000000	0
9	0	9	0.000000	0
9	0	9	0.000000	0
14	0	14	0.000000	0
25	0	25	0.000000	0
37	0	37	0.000000	0
4	0	4	0.000000	0
1	0	1	0.000000	0
2	0	2	0.000000	0
3	0	3	0.000000	0
6	0	6	0.000000	0
9	0	9	0.000000	0
12	0	12	0.000000	0
12	0	12	0.000000	0
31	0	31	0.000000	0
32	0	32	0.000000	0
1	0	1	0.000000	0
2	0	2	0.000000	0
4	0	4	0.000000	0
7	0	7	0.000000	0
10	0	10	0.000000	0
18	0	18	0.000000	0
31	0	31	0.000000	0
34	0	34	0.000000	0
1	0	1	0.000000	0
2	0	2	0.000000	0
4	0	4	0.000000	0
5	0	5	0.000000	0
9	0	9	0.000000	0
22	0	22	0.000000	0
42	0	42	0.000000	0
22	0	22	0.000000	0
1	0	1	0.000000	0
3	0	3	0.000000	0
4	0	4	0.000000	0
7	0	7	0.000000	0
6	0	6	0.000000	0
8	0	8	0.000000	0
8	0	8	0.000000	0
13	0	13	0.000000	0
25	0	25	0.000000	0
31	0	31	0.000000	0
4	0	4	0.000000	0
1	0	1	0.000000	0
1	0	1	0.000000	0
1	0	1	0.000000	0
1	0	1	0.000000	0
3	0	3	0.000000	0
6	0	6	0.000000	0
7	0	7	0.000000	0
7	0	7	0.000000	0
6	0	6	0.000000	0
13	0	13	0.000000	0
15	0	15	0.000000	0
29	0	29	0.000000	0
20	0	20	0.000000	0
1	0	1	0.000000	0
2	0	2	0.000000	0
2	0	2	0.000000	0
6	0	6	0.000000	0
6	0	6	0.000000	0
10	0	10	0.000000	0
8	0	8	0.000000	0
13	0	13	0.000000	0
24	0	24	0.000000	0
31	0	31	0.000000	0
7	0	7	0.000000	0
1	0	1	0.000000	0
1	0	1	0.000000	0
2	0	2	0.000000	0
4	0	4	0.000000	0
8	0	8	0.000000	0
10	0	10	0.000000	0
10	0	10	0.000000	0
13	0	13	0.000000	0
27	0	27	0.000000	0
27	0	27	0.000000	0
6	0	6	0.000000	0
1	0	1	0.000000	0
1	0	1	0.000000	0
2	0	2	0.000000	0
4	0	4	0.000000	0
6	0	6	0.000000	0
13	0	13	0.000000	0
17	0	17	0.000000	0
31	0	31	0.000000	0
32	0	32	0.000000	0
1	0	1	0.000000	0
3	0	3	0.000000	0
3	0	3	0.000000	0
7	0	7	0.000000	0
12	0	12	0.000000	0
18	0	18	0.000000	0
39	0	39	0.000000	0
24	0	24	0.000000	0
1	0	1	0.000000	0
2	0	2	0.000000	0
2	0	2	0.000000	0
4	0	4	0.000000	0
7	0	7	0.000000	0
8	0	8	0.000000	0
18	0	18	0.000000	0
27	0	27	0.000000	0
38	0	38	0.000000	0
1	0	1	0.000000	0
3	0	3	0.000000	0
4	0	4	0.000000	0
8	0	8	0.000000	0
6	0	6	0.000000	0
10	0	10	0.000000	0
10	0	10	0.000000	0
17	0	17	0.000000	0
31	0	31	0.000000	0
19	0	19	0.000000	0
1	0	1	0.000000	0
2	0	2	0.000000	0
3	0	3	0.000000	0
6	0	6	0.000000	0
9	0	9	0.000000	0
11	0	11	0.000000	0
14	0	14	0.000000	0
31	0	31	0.000000	0
30	0	30	0.000000	0
1	0	1	0.000000	0
1	0	1	0.000000	0
3	0	3	0.000000	0
5	0	5	0.000000	0
4	0	4	0.000000	0
11	0	11	0.000000	0
12	0	12	0.000000	0
16	0	16	0.000000	0
32	0	32	0.000000	0
23	0	23	0.000000	0
1	0	1	0.000000	0
1	0	1	0.000000	0
2	0	2	0.000000	0
3	0	3	0.000000	0
4	0	4	0.000000	0
10	0	10	0.000000	0
13	0	13	0.000000	0
19	0	19	0.000000	0
34	0	34	0.000000	0
21	0	21	0.000000	0
1	0	1	0.000000	0
1	0	1	0.000000	0
3	0	3	0.000000	0
5	0	5	0.000000	0
7	0	7	0.000000	0
15	0	15	0.000000	0
22	0	22	0.000000	0
38	0	38	0.000000	0
15	0	15	0.000000	0
1	0	1	0.000000	0
2	0	2	0.000000	0
2	0	2	0.000000	0
6	0	6	0.000000	0
5	0	5	0.000000	0
8	0	8	0.000000	0
6	0	6	0.000000	0
15	0	15	0.000000	0
25	0	25	0.000000	0
35	0	35	0.000000	0
4	0	4	0.000000	0
1	0	1	0.000000	0
1	0	1	0.000000	0
1	0	1	0.000000	0
1	0	1	0.000000	0
4	0	4	0.000000	0
6	0	6	0.000000	0
7	0	7	0.000000	0
7	0	7	0.000000	0
7	0	7	0.000000	0
11	0	11	0.000000	0
15	0	15	0.000000	0
29	0	29	0.000000	0
20	0	20	0.000000	0
1	0	1	0.000000	0
1	0	1	0.000000	0
3	0	3	0.000000	0
5	0	5	0.000000	0
6	0	6	0.000000	0
10	0	10	0.000000	0
8	0	8	0.000000	0
12	0	12	0.000000	0
24	0	24	0.000000	0
33	0	33	0.000000	0
6	0	6	0.000000	0
1	0	1	0.000000	0
3	0	3	0.000000	0
3	0	3	0.000000	0
7	0	7	0.000000	0
11	0	11	0.000000	0
13	0	13	0.000000	0
21	0	21	0.000000	0
34	0	34	0.000000	0
15	0	15	0.000000	0
1	0	1	0.000000	0
1	0	1	0.000000	0
2	0	2	0.000000	0
3	0	3	0.000000	0
5	0	5	0.000000	0
12	0	12	0.000000	0
17	0	17	0.000000	0
25	0	25	0.000000	0
37	0	37	0.000000	0
5	0	5	0.000000	0
1	0	1	0.000000	0
3	0	3	0.000000	0
3	0	3	0.000000	0
6	0	6	0.000000	0
2	0	2	0.000000	0
6	0	6	0.000000	0
2	0	2	0.000000	0
5	0	5	0.000000	0
4	0	4	0.000000	0
5	0	5	0.000000	0
7	0	7	0.000000	0
7	0	7	0.000000	0
13	0	13	0.000000	0
24	0	24	0.000000	0
26	0	26	0.000000	0
1	0	1	0.000000	0
1	0	1	0.000000	0
2	0	2	0.000000	0
4	0	4	0.000000	0
6	0	6	0.000000	0
6	0	6	0.000000	0
68	0	68	0.000000	0
18	0	18	0.000000	0
1	0	1	0.000000	0
1	0	1	0.000000	0
3	0	3	0.000000	0
6	0	6	0.000000	0
6	0	6	0.000000	0
7	0	7	0.000000	0
7	0	7	0.000000	0
10	0	10	0.000000	0
12	0	12	0.000000	0
24	0	24	0.000000	0
30	0	30	0.000000	0
3	0	3	0.000000	0
1	0	1	0.000000	0
1	0	1	0.000000	0
3	0	3	0.000000	0
5	0	5	0.000000	0
8	0	8	0.000000	0
10	0	10	0.000000	0
14	0	14	0.000000	0
27	0	27	0.000000	0
35	0	35	0.000000	0
4	0	4	0.000000	0
1	0	1	0.000000	0
1	0	1	0.000000	0
3	0	3	0.000000	0
5	0	5	0.000000	0
6	0	6	0.000000	0
13	0	13	0.000000	0
13	0	13	0.000000	0
24	0	24	0.000000	0
36	0	36	0.000000	0
6	0	6	0.000000	0
1	0	1	0.000000	0
1	0	1	0.000000	0
3	0	3	0.000000	0
7	0	7	0.000000	0
9	0	9	0.000000	0
14	0	14	0.000000	0
19	0	19	0.000000	0
35	0	35	0.000000	0
19	0	19	0.000000	0
1	0	1	0.000000	0
1	0	1	0.000000	0
3	0	3	0.000000	0
6	0	6	0.000000	0
8	0	8	0.000000	0
16	0	16	0.000000	0
23	0	23	0.000000	0
36	0	36	0.000000	0
13	0	13	0.000000	0
1	0	1	0.000000	0
1	0	1	0.000000	0
2	0	2	0.000000	0
4	0	4	0.000000	0
6	0	6	0.000000	0
7	0	7	0.000000	0
6	0	6	0.000000	0
9	0	9	0.000000	0
10	0	10	0.000000	0
22	0	22	0.000000	0
30	0	30	0.000000	0
12	0	12	0.000000	0
1	0	1	0.000000	0
1	0	1	0.000000	0
1	0	1	0.000000	0
2	0	2	0.000000	0
1	0	1	0.000000	0
3	0	3	0.000000	0
4	0	4	0.000000	0
10	0	10	0.000000	0
11	0	11	0.000000	0
22	0	22	0.000000	0
40	0	40	0.000000	0
13	0	13	0.000000	0
1	0	1	0.000000	0
1	0	1	0.000000	0
2	0	2	0.000000	0
6	0	6	0.000000	0
6	0	6	0.000000	0
9	0	9	0.000000	0
10	0	10	0.000000	0
19	0	19	0.000000	0
31	0	31	0.000000	0
23	0	23	0.000000	0
1	0	1	0.000000	0
1	0	1	0.000000	0
3	0	3	0.000000	0
5	0	5	0.000000	0
6	0	6	0.000000	0
12	0	12	0.000000	0
13	0	13	0.000000	0
22	0	22	0.000000	0
32	0	32	0.000000	0
13	0	13	0.000000	0
1	0	1	0.000000	0
1	0	1	0.000000	0
2	0	2	0.000000	0
3	0	3	0.000000	0
5	0	5	0.000000	0
11	0	11	0.000000	0
13	0	13	0.000000	0
19	0	19	0.000000	0
35	0	35	0.000000	0
18	0	18	0.000000	0
1	0	1	0.000000	0
2	0	2	0.000000	0
90	0	90	0.000000	0
10	0	10	0.000000	0
1	0	1	0.000000	0
2	0	2	0.000000	0
4	0	4	0.000000	0
7	0	7	0.000000	0
7	0	7	0.000000	0
8	0	8	0.000000	0
8	0	8	0.000000	0
9	0	9	0.000000	0
17	0	17	0.000000	0
32	0	32	0.000000	0
15	0	15	0.000000	0
1	0	1	0.000000	0
1	0	1	0.000000	0
4	0	4	0.000000	0
8	0	8	0.000000	0
9	0	9	0.000000	0
20	0	20	0.000000	0
52	0	52	0.000000	0
11	0	11	0.000000	0
1	0	1	0.000000	0
2	0	2	0.000000	0
5	0	5	0.000000	0
9	0	9	0.000000	0
10	0	10	0.000000	0
9	0	9	0.000000	0
16	0	16	0.000000	0
32	0	32	0.000000	0
24	0	24	0.000000	0
1	0	1	0.000000	0
1	0	1	0.000000	0
3	0	3	0.000000	0
6	0	6	0.000000	0
8	0	8	0.000000	0
11	0	11	0.000000	0
14	0	14	0.000000	0
26	0	26	0.000000	0
33	0	33	0.000000	0
5	0	5	0.000000	0
1	0	1	0.000000	0
1	0	1	0.000000	0
3	0	3	0.000000	0
5	0	5	0.000000	0
5	0	5	0.000000	0
9	0	9	0.000000	0
16	0	16	0.000000	0
19	0	19	0.000000	0
35	0	35	0.000000	0
14	0	14	0.000000	0
1	0	1	0.000000	0
1	0	1	0.000000	0
3	0	3	0.000000	0
5	0	5	0.000000	0
6	0	6	0.000000	0
8	0	8	0.000000	0
15	0	15	0.000000	0
20	0	20	0.000000	0
36	0	36	0.000000	0
13	0	13	0.000000	0
1	0	1	0.000000	0
1	0	1	0.000000	0
3	0	3	0.000000	0
6	0	6	0.000000	0
5	0	5	0.000000	0
11	0	11	0.000000	0
16	0	16	0.000000	0
29	0	29	0.000000	0
35	0	35	0.000000	0
1	0	1	0.000000	0
2	0	2	0.000000	0
3	0	3	0.000000	0
6	0	6	0.000000	0
6	0	6	0.000000	0
10	0	10	0.000000	0
10	0	10	0.000000	0
10	0	10	0.000000	0
22	0	22	0.000000	0
27	0	27	0.000000	0
12	0	12	0.000000	0
1	0	1	0.000000	0
1	0	1	0.000000	0
2	0	2	0.000000	0
2	0	2	0.000000	0
4	0	4	0.000000	0
7	0	7	0.000000	0
7	0	7	0.000000	0
9	0	9	0.000000	0
12	0	12	0.000000	0
22	0	22	0.000000	0
31	0	31	0.000000	0
11	0	11	0.000000	0
1	0	1	0.000000	0
1	0	1	0.000000	0
2	0	2	0.000000	0
4	0	4	0.000000	0
5	0	5	0.000000	0
11	0	11	0.000000	0
9	0	9	0.000000	0
14	0	14	0.000000	0
28	0	28	0.000000	0
33	0	33	0.000000	0
1	0	1	0.000000	0
2	0	2	0.000000	0
4	0	4	0.000000	0
6	0	6	0.000000	0
10	0	10	0.000000	0
15	0	15	0.000000	0
21	0	21	0.000000	0
36	0	36	0.000000	0
13	0	13	0.000000	0
1	0	1	0.000000	0
3	0	3	0.000000	0
5	0	5	0.000000	0
7	0	7	0.000000	0
10	0	10	0.000000	0
18	0	18	0.000000	0
31	0	31	0.000000	0
32	0	32	0.000000	0
1	0	1	0.000000	0
2	0	2	0.000000	0
5	0	5	0.000000	0
9	0	9	0.000000	0
11	0	11	0.000000	0
20	0	20	0.000000	0
36	0	36	0.000000	0
23	0	23	0.000000	0
1	0	1	0.000000	0
1	0	1	0.000000	0
2	0	2	0.000000	0
3	0	3	0.000000	0
5	0	5	0.000000	0
9	0	9	0.000000	0
9	0	9	0.000000	0
15	0	15	0.000000	0
28	0	28	0.000000	0
35	0	35	0.000000	0
1	0	1	0.000000	0
1	0	1	0.000000	0
4	0	4	0.000000	0
11	0	11	0.000000	0
10	0	10	0.000000	0
16	0	16	0.000000	0
28	0	28	0.000000	0
35	0	35	0.000000	0
1	0	1	0.000000	0
3	0	3	0.000000	0
4	0	4	0.000000	0
8	0	8	0.000000	0
12	0	12	0.000000	0
16	0	16	0.000000	0
31	0	31	0.000000	0
32	0	32	0.000000	0
1	0	1	0.000000	0
2	0	2	0.000000	0
5	0	5	0.000000	0
8	0	8	0.000000	0
15	0	15	0.000000	0
18	0	18	0.000000	0
37	0	37	0.000000	0
21	0	21	0.000000	0
1	0	1	0.000000	0
2	0	2	0.000000	0
5	0	5	0.000000	0
9	0	9	0.000000	0
11	0	11	0.000000	0
19	0	19	0.000000	0
36	0	36	0.000000	0
24	0	24	0.000000	0
1	0	1	0.000000	0
2	0	2	0.000000	0
4	0	4	0.000000	0
6	0	6	0.000000	0
7	0	7	0.000000	0
11	0	11	0.000000	0
18	0	18	0.000000	0
36	0	36	0.000000	0
23	0	23	0.000000	0
1	0	1	0.000000	0
2	0	2	0.000000	0
2	0	2	0.000000	0
5	0	5	0.000000	0
7	0	7	0.000000	0
8	0	8	0.000000	0
10	0	10	0.000000	0
20	0	20	0.000000	0
34	0	34	0.000000	0
20	0	20	0.000000	0
1	0	1	0.000000	0
1	0	1	0.000000	0
4	0	4	0.000000	0
5	0	5	0.000000	0
5	0	5	0.000000	0
5	0	5	0.000000	0
6	0	6	0.000000	0
5	0	5	0.000000	0
6	0	6	0.000000	0
9	0	9	0.000000	0
14	0	14	0.000000	0
50	0	50	0.000000	0
1	0	1	0.000000	0
2	0	2	0.000000	0
4	0	4	0.000000	0
9	0	9	0.000000	0
14	0	14	0.000000	0
23	0	23	0.000000	0
44	0	44	0.000000	0
10	0	10	0.000000	0
1	0	1	0.000000	0
2	0	2	0.000000	0
